{
 "cells": [
  {
   "cell_type": "markdown",
   "metadata": {},
   "source": [
    "#### Importowanie bibliotek"
   ]
  },
  {
   "cell_type": "code",
   "execution_count": 2,
   "metadata": {},
   "outputs": [],
   "source": [
    "import pandas as pd\n",
    "import seaborn as sns\n",
    "\n",
    "import matplotlib.pyplot as plt\n",
    "\n",
    "sns.set_style(\"darkgrid\")"
   ]
  },
  {
   "cell_type": "markdown",
   "metadata": {},
   "source": [
    "#### Wczytanie zbioru danych"
   ]
  },
  {
   "cell_type": "code",
   "execution_count": 3,
   "metadata": {},
   "outputs": [],
   "source": [
    "df = pd.read_csv(\"Metabolomics_Final_clean_filtered.csv\")"
   ]
  },
  {
   "cell_type": "code",
   "execution_count": 4,
   "metadata": {},
   "outputs": [
    {
     "data": {
      "text/html": [
       "<div>\n",
       "<style scoped>\n",
       "    .dataframe tbody tr th:only-of-type {\n",
       "        vertical-align: middle;\n",
       "    }\n",
       "\n",
       "    .dataframe tbody tr th {\n",
       "        vertical-align: top;\n",
       "    }\n",
       "\n",
       "    .dataframe thead th {\n",
       "        text-align: right;\n",
       "    }\n",
       "</style>\n",
       "<table border=\"1\" class=\"dataframe\">\n",
       "  <thead>\n",
       "    <tr style=\"text-align: right;\">\n",
       "      <th></th>\n",
       "      <th>Name</th>\n",
       "      <th>Group</th>\n",
       "      <th>Metabolite1</th>\n",
       "      <th>Metabolite2</th>\n",
       "      <th>Metabolite3</th>\n",
       "      <th>Metabolite4</th>\n",
       "      <th>Metabolite5</th>\n",
       "      <th>Metabolite6</th>\n",
       "      <th>Metabolite7</th>\n",
       "      <th>Metabolite8</th>\n",
       "      <th>...</th>\n",
       "      <th>Metabolite490</th>\n",
       "      <th>Metabolite491</th>\n",
       "      <th>Metabolite492</th>\n",
       "      <th>Metabolite493</th>\n",
       "      <th>Metabolite494</th>\n",
       "      <th>Metabolite495</th>\n",
       "      <th>Metabolite496</th>\n",
       "      <th>Metabolite497</th>\n",
       "      <th>Metabolite498</th>\n",
       "      <th>Metabolite499</th>\n",
       "    </tr>\n",
       "  </thead>\n",
       "  <tbody>\n",
       "    <tr>\n",
       "      <th>0</th>\n",
       "      <td>Blank1</td>\n",
       "      <td>Blank</td>\n",
       "      <td>0.296615</td>\n",
       "      <td>-0.710610</td>\n",
       "      <td>-2.901369</td>\n",
       "      <td>-0.650964</td>\n",
       "      <td>-2.043614</td>\n",
       "      <td>-2.597074</td>\n",
       "      <td>-0.693295</td>\n",
       "      <td>-1.712962</td>\n",
       "      <td>...</td>\n",
       "      <td>-1.574612</td>\n",
       "      <td>-2.467548</td>\n",
       "      <td>-2.536572</td>\n",
       "      <td>-2.490805</td>\n",
       "      <td>-2.003194</td>\n",
       "      <td>-2.311642</td>\n",
       "      <td>-1.859828</td>\n",
       "      <td>-0.899026</td>\n",
       "      <td>-1.059757</td>\n",
       "      <td>1.601031</td>\n",
       "    </tr>\n",
       "    <tr>\n",
       "      <th>1</th>\n",
       "      <td>Blank2</td>\n",
       "      <td>Blank</td>\n",
       "      <td>0.624823</td>\n",
       "      <td>-0.824232</td>\n",
       "      <td>-3.064853</td>\n",
       "      <td>-0.643874</td>\n",
       "      <td>-1.971934</td>\n",
       "      <td>-2.661216</td>\n",
       "      <td>-0.747467</td>\n",
       "      <td>-1.695005</td>\n",
       "      <td>...</td>\n",
       "      <td>-1.698349</td>\n",
       "      <td>-2.424475</td>\n",
       "      <td>-2.061359</td>\n",
       "      <td>-2.510388</td>\n",
       "      <td>-1.970903</td>\n",
       "      <td>-2.707443</td>\n",
       "      <td>-2.015263</td>\n",
       "      <td>-1.116769</td>\n",
       "      <td>-0.958053</td>\n",
       "      <td>1.550572</td>\n",
       "    </tr>\n",
       "    <tr>\n",
       "      <th>2</th>\n",
       "      <td>Blank3</td>\n",
       "      <td>Blank</td>\n",
       "      <td>0.543235</td>\n",
       "      <td>-0.847690</td>\n",
       "      <td>-2.977496</td>\n",
       "      <td>-0.628404</td>\n",
       "      <td>-2.038637</td>\n",
       "      <td>-2.617125</td>\n",
       "      <td>-0.782076</td>\n",
       "      <td>-1.727032</td>\n",
       "      <td>...</td>\n",
       "      <td>-1.649857</td>\n",
       "      <td>-2.407774</td>\n",
       "      <td>-1.945904</td>\n",
       "      <td>-1.908089</td>\n",
       "      <td>-1.706653</td>\n",
       "      <td>-2.343369</td>\n",
       "      <td>-2.249237</td>\n",
       "      <td>-0.895772</td>\n",
       "      <td>-1.324801</td>\n",
       "      <td>1.190342</td>\n",
       "    </tr>\n",
       "    <tr>\n",
       "      <th>3</th>\n",
       "      <td>Blank4</td>\n",
       "      <td>Blank</td>\n",
       "      <td>0.406324</td>\n",
       "      <td>-0.895123</td>\n",
       "      <td>-3.013405</td>\n",
       "      <td>-0.649124</td>\n",
       "      <td>-2.140211</td>\n",
       "      <td>-2.636845</td>\n",
       "      <td>-0.823426</td>\n",
       "      <td>-1.806523</td>\n",
       "      <td>...</td>\n",
       "      <td>-1.654070</td>\n",
       "      <td>-2.385215</td>\n",
       "      <td>-2.428903</td>\n",
       "      <td>-2.384586</td>\n",
       "      <td>-1.777461</td>\n",
       "      <td>-2.539272</td>\n",
       "      <td>-2.104816</td>\n",
       "      <td>-1.100319</td>\n",
       "      <td>-0.979092</td>\n",
       "      <td>1.139858</td>\n",
       "    </tr>\n",
       "    <tr>\n",
       "      <th>4</th>\n",
       "      <td>Blank5</td>\n",
       "      <td>Blank</td>\n",
       "      <td>0.494052</td>\n",
       "      <td>-0.826526</td>\n",
       "      <td>-3.102939</td>\n",
       "      <td>-0.646171</td>\n",
       "      <td>-2.129675</td>\n",
       "      <td>-2.663344</td>\n",
       "      <td>-0.844134</td>\n",
       "      <td>-1.783338</td>\n",
       "      <td>...</td>\n",
       "      <td>-1.665414</td>\n",
       "      <td>-2.478773</td>\n",
       "      <td>-2.346813</td>\n",
       "      <td>-2.649243</td>\n",
       "      <td>-1.823204</td>\n",
       "      <td>-3.053594</td>\n",
       "      <td>-2.154647</td>\n",
       "      <td>-1.003644</td>\n",
       "      <td>-1.180963</td>\n",
       "      <td>0.732897</td>\n",
       "    </tr>\n",
       "  </tbody>\n",
       "</table>\n",
       "<p>5 rows × 501 columns</p>\n",
       "</div>"
      ],
      "text/plain": [
       "     Name  Group  Metabolite1  Metabolite2  Metabolite3  Metabolite4  \\\n",
       "0  Blank1  Blank     0.296615    -0.710610    -2.901369    -0.650964   \n",
       "1  Blank2  Blank     0.624823    -0.824232    -3.064853    -0.643874   \n",
       "2  Blank3  Blank     0.543235    -0.847690    -2.977496    -0.628404   \n",
       "3  Blank4  Blank     0.406324    -0.895123    -3.013405    -0.649124   \n",
       "4  Blank5  Blank     0.494052    -0.826526    -3.102939    -0.646171   \n",
       "\n",
       "   Metabolite5  Metabolite6  Metabolite7  Metabolite8  ...  Metabolite490  \\\n",
       "0    -2.043614    -2.597074    -0.693295    -1.712962  ...      -1.574612   \n",
       "1    -1.971934    -2.661216    -0.747467    -1.695005  ...      -1.698349   \n",
       "2    -2.038637    -2.617125    -0.782076    -1.727032  ...      -1.649857   \n",
       "3    -2.140211    -2.636845    -0.823426    -1.806523  ...      -1.654070   \n",
       "4    -2.129675    -2.663344    -0.844134    -1.783338  ...      -1.665414   \n",
       "\n",
       "   Metabolite491  Metabolite492  Metabolite493  Metabolite494  Metabolite495  \\\n",
       "0      -2.467548      -2.536572      -2.490805      -2.003194      -2.311642   \n",
       "1      -2.424475      -2.061359      -2.510388      -1.970903      -2.707443   \n",
       "2      -2.407774      -1.945904      -1.908089      -1.706653      -2.343369   \n",
       "3      -2.385215      -2.428903      -2.384586      -1.777461      -2.539272   \n",
       "4      -2.478773      -2.346813      -2.649243      -1.823204      -3.053594   \n",
       "\n",
       "   Metabolite496  Metabolite497  Metabolite498  Metabolite499  \n",
       "0      -1.859828      -0.899026      -1.059757       1.601031  \n",
       "1      -2.015263      -1.116769      -0.958053       1.550572  \n",
       "2      -2.249237      -0.895772      -1.324801       1.190342  \n",
       "3      -2.104816      -1.100319      -0.979092       1.139858  \n",
       "4      -2.154647      -1.003644      -1.180963       0.732897  \n",
       "\n",
       "[5 rows x 501 columns]"
      ]
     },
     "execution_count": 4,
     "metadata": {},
     "output_type": "execute_result"
    }
   ],
   "source": [
    "df.head()"
   ]
  },
  {
   "cell_type": "markdown",
   "metadata": {},
   "source": [
    "#### Filtrowanie próbek kontroli jakości ze zbioru danych"
   ]
  },
  {
   "cell_type": "code",
   "execution_count": 5,
   "metadata": {},
   "outputs": [],
   "source": [
    "df = df[df['Group'] == 'QC']"
   ]
  },
  {
   "cell_type": "code",
   "execution_count": 6,
   "metadata": {},
   "outputs": [
    {
     "data": {
      "text/html": [
       "<div>\n",
       "<style scoped>\n",
       "    .dataframe tbody tr th:only-of-type {\n",
       "        vertical-align: middle;\n",
       "    }\n",
       "\n",
       "    .dataframe tbody tr th {\n",
       "        vertical-align: top;\n",
       "    }\n",
       "\n",
       "    .dataframe thead th {\n",
       "        text-align: right;\n",
       "    }\n",
       "</style>\n",
       "<table border=\"1\" class=\"dataframe\">\n",
       "  <thead>\n",
       "    <tr style=\"text-align: right;\">\n",
       "      <th></th>\n",
       "      <th>Name</th>\n",
       "      <th>Group</th>\n",
       "      <th>Metabolite1</th>\n",
       "      <th>Metabolite2</th>\n",
       "      <th>Metabolite3</th>\n",
       "      <th>Metabolite4</th>\n",
       "      <th>Metabolite5</th>\n",
       "      <th>Metabolite6</th>\n",
       "      <th>Metabolite7</th>\n",
       "      <th>Metabolite8</th>\n",
       "      <th>...</th>\n",
       "      <th>Metabolite490</th>\n",
       "      <th>Metabolite491</th>\n",
       "      <th>Metabolite492</th>\n",
       "      <th>Metabolite493</th>\n",
       "      <th>Metabolite494</th>\n",
       "      <th>Metabolite495</th>\n",
       "      <th>Metabolite496</th>\n",
       "      <th>Metabolite497</th>\n",
       "      <th>Metabolite498</th>\n",
       "      <th>Metabolite499</th>\n",
       "    </tr>\n",
       "  </thead>\n",
       "  <tbody>\n",
       "    <tr>\n",
       "      <th>6</th>\n",
       "      <td>QC1</td>\n",
       "      <td>QC</td>\n",
       "      <td>-0.113787</td>\n",
       "      <td>-0.025823</td>\n",
       "      <td>0.336567</td>\n",
       "      <td>-0.356011</td>\n",
       "      <td>0.715838</td>\n",
       "      <td>0.260039</td>\n",
       "      <td>-0.129049</td>\n",
       "      <td>0.436005</td>\n",
       "      <td>...</td>\n",
       "      <td>0.547380</td>\n",
       "      <td>0.456857</td>\n",
       "      <td>0.222165</td>\n",
       "      <td>0.230796</td>\n",
       "      <td>0.505235</td>\n",
       "      <td>0.532717</td>\n",
       "      <td>0.221814</td>\n",
       "      <td>-0.307117</td>\n",
       "      <td>0.286894</td>\n",
       "      <td>-0.082435</td>\n",
       "    </tr>\n",
       "    <tr>\n",
       "      <th>7</th>\n",
       "      <td>QC2</td>\n",
       "      <td>QC</td>\n",
       "      <td>-0.110645</td>\n",
       "      <td>-0.038333</td>\n",
       "      <td>0.291136</td>\n",
       "      <td>-0.368409</td>\n",
       "      <td>0.543956</td>\n",
       "      <td>0.241081</td>\n",
       "      <td>-0.130231</td>\n",
       "      <td>0.277480</td>\n",
       "      <td>...</td>\n",
       "      <td>0.691778</td>\n",
       "      <td>0.419648</td>\n",
       "      <td>0.466689</td>\n",
       "      <td>0.472028</td>\n",
       "      <td>0.601164</td>\n",
       "      <td>0.322844</td>\n",
       "      <td>-0.078742</td>\n",
       "      <td>-0.299206</td>\n",
       "      <td>0.388663</td>\n",
       "      <td>-0.093258</td>\n",
       "    </tr>\n",
       "    <tr>\n",
       "      <th>8</th>\n",
       "      <td>QC3</td>\n",
       "      <td>QC</td>\n",
       "      <td>-0.054817</td>\n",
       "      <td>0.021213</td>\n",
       "      <td>0.242480</td>\n",
       "      <td>-0.364435</td>\n",
       "      <td>0.567932</td>\n",
       "      <td>0.235948</td>\n",
       "      <td>-0.199729</td>\n",
       "      <td>0.298620</td>\n",
       "      <td>...</td>\n",
       "      <td>0.505837</td>\n",
       "      <td>0.470509</td>\n",
       "      <td>0.322874</td>\n",
       "      <td>0.330149</td>\n",
       "      <td>0.546940</td>\n",
       "      <td>0.396133</td>\n",
       "      <td>-0.033301</td>\n",
       "      <td>-0.314865</td>\n",
       "      <td>0.366532</td>\n",
       "      <td>-0.075165</td>\n",
       "    </tr>\n",
       "    <tr>\n",
       "      <th>9</th>\n",
       "      <td>QC4</td>\n",
       "      <td>QC</td>\n",
       "      <td>-0.062339</td>\n",
       "      <td>0.103875</td>\n",
       "      <td>0.165753</td>\n",
       "      <td>-0.343093</td>\n",
       "      <td>0.557338</td>\n",
       "      <td>0.199098</td>\n",
       "      <td>-0.200478</td>\n",
       "      <td>0.332105</td>\n",
       "      <td>...</td>\n",
       "      <td>0.574271</td>\n",
       "      <td>0.476464</td>\n",
       "      <td>0.175206</td>\n",
       "      <td>0.184469</td>\n",
       "      <td>0.535611</td>\n",
       "      <td>0.393006</td>\n",
       "      <td>-0.016650</td>\n",
       "      <td>-0.287881</td>\n",
       "      <td>-1.294019</td>\n",
       "      <td>-0.084665</td>\n",
       "    </tr>\n",
       "    <tr>\n",
       "      <th>10</th>\n",
       "      <td>QC5</td>\n",
       "      <td>QC</td>\n",
       "      <td>-0.086306</td>\n",
       "      <td>0.014897</td>\n",
       "      <td>0.288291</td>\n",
       "      <td>-0.364756</td>\n",
       "      <td>0.427892</td>\n",
       "      <td>0.212360</td>\n",
       "      <td>-0.172693</td>\n",
       "      <td>0.285546</td>\n",
       "      <td>...</td>\n",
       "      <td>0.551708</td>\n",
       "      <td>0.476289</td>\n",
       "      <td>0.308135</td>\n",
       "      <td>0.315608</td>\n",
       "      <td>0.477210</td>\n",
       "      <td>0.426401</td>\n",
       "      <td>-0.087211</td>\n",
       "      <td>-0.298694</td>\n",
       "      <td>0.449306</td>\n",
       "      <td>-0.082854</td>\n",
       "    </tr>\n",
       "  </tbody>\n",
       "</table>\n",
       "<p>5 rows × 501 columns</p>\n",
       "</div>"
      ],
      "text/plain": [
       "   Name Group  Metabolite1  Metabolite2  Metabolite3  Metabolite4  \\\n",
       "6   QC1    QC    -0.113787    -0.025823     0.336567    -0.356011   \n",
       "7   QC2    QC    -0.110645    -0.038333     0.291136    -0.368409   \n",
       "8   QC3    QC    -0.054817     0.021213     0.242480    -0.364435   \n",
       "9   QC4    QC    -0.062339     0.103875     0.165753    -0.343093   \n",
       "10  QC5    QC    -0.086306     0.014897     0.288291    -0.364756   \n",
       "\n",
       "    Metabolite5  Metabolite6  Metabolite7  Metabolite8  ...  Metabolite490  \\\n",
       "6      0.715838     0.260039    -0.129049     0.436005  ...       0.547380   \n",
       "7      0.543956     0.241081    -0.130231     0.277480  ...       0.691778   \n",
       "8      0.567932     0.235948    -0.199729     0.298620  ...       0.505837   \n",
       "9      0.557338     0.199098    -0.200478     0.332105  ...       0.574271   \n",
       "10     0.427892     0.212360    -0.172693     0.285546  ...       0.551708   \n",
       "\n",
       "    Metabolite491  Metabolite492  Metabolite493  Metabolite494  Metabolite495  \\\n",
       "6        0.456857       0.222165       0.230796       0.505235       0.532717   \n",
       "7        0.419648       0.466689       0.472028       0.601164       0.322844   \n",
       "8        0.470509       0.322874       0.330149       0.546940       0.396133   \n",
       "9        0.476464       0.175206       0.184469       0.535611       0.393006   \n",
       "10       0.476289       0.308135       0.315608       0.477210       0.426401   \n",
       "\n",
       "    Metabolite496  Metabolite497  Metabolite498  Metabolite499  \n",
       "6        0.221814      -0.307117       0.286894      -0.082435  \n",
       "7       -0.078742      -0.299206       0.388663      -0.093258  \n",
       "8       -0.033301      -0.314865       0.366532      -0.075165  \n",
       "9       -0.016650      -0.287881      -1.294019      -0.084665  \n",
       "10      -0.087211      -0.298694       0.449306      -0.082854  \n",
       "\n",
       "[5 rows x 501 columns]"
      ]
     },
     "execution_count": 6,
     "metadata": {},
     "output_type": "execute_result"
    }
   ],
   "source": [
    "df.head()"
   ]
  },
  {
   "cell_type": "code",
   "execution_count": 7,
   "metadata": {},
   "outputs": [
    {
     "data": {
      "text/plain": [
       "(18, 501)"
      ]
     },
     "execution_count": 7,
     "metadata": {},
     "output_type": "execute_result"
    }
   ],
   "source": [
    "df.shape"
   ]
  },
  {
   "cell_type": "markdown",
   "metadata": {},
   "source": [
    "#### Obliczenie macierzy korelacji dla obiektów"
   ]
  },
  {
   "cell_type": "code",
   "execution_count": 8,
   "metadata": {},
   "outputs": [
    {
     "name": "stdout",
     "output_type": "stream",
     "text": [
      "Correlation matrix shape: (18, 18)\n"
     ]
    },
    {
     "data": {
      "text/html": [
       "<div>\n",
       "<style scoped>\n",
       "    .dataframe tbody tr th:only-of-type {\n",
       "        vertical-align: middle;\n",
       "    }\n",
       "\n",
       "    .dataframe tbody tr th {\n",
       "        vertical-align: top;\n",
       "    }\n",
       "\n",
       "    .dataframe thead th {\n",
       "        text-align: right;\n",
       "    }\n",
       "</style>\n",
       "<table border=\"1\" class=\"dataframe\">\n",
       "  <thead>\n",
       "    <tr style=\"text-align: right;\">\n",
       "      <th></th>\n",
       "      <th>6</th>\n",
       "      <th>7</th>\n",
       "      <th>8</th>\n",
       "      <th>9</th>\n",
       "      <th>10</th>\n",
       "      <th>11</th>\n",
       "      <th>12</th>\n",
       "      <th>13</th>\n",
       "      <th>14</th>\n",
       "      <th>15</th>\n",
       "      <th>16</th>\n",
       "      <th>17</th>\n",
       "      <th>18</th>\n",
       "      <th>19</th>\n",
       "      <th>20</th>\n",
       "      <th>21</th>\n",
       "      <th>22</th>\n",
       "      <th>23</th>\n",
       "    </tr>\n",
       "  </thead>\n",
       "  <tbody>\n",
       "    <tr>\n",
       "      <th>6</th>\n",
       "      <td>1.000000</td>\n",
       "      <td>0.877373</td>\n",
       "      <td>0.842711</td>\n",
       "      <td>0.831616</td>\n",
       "      <td>0.815782</td>\n",
       "      <td>0.909810</td>\n",
       "      <td>0.875686</td>\n",
       "      <td>0.944172</td>\n",
       "      <td>0.881808</td>\n",
       "      <td>0.899475</td>\n",
       "      <td>0.795131</td>\n",
       "      <td>0.881218</td>\n",
       "      <td>0.868443</td>\n",
       "      <td>0.819187</td>\n",
       "      <td>0.766946</td>\n",
       "      <td>0.631858</td>\n",
       "      <td>0.746442</td>\n",
       "      <td>0.305006</td>\n",
       "    </tr>\n",
       "    <tr>\n",
       "      <th>7</th>\n",
       "      <td>0.877373</td>\n",
       "      <td>1.000000</td>\n",
       "      <td>0.796053</td>\n",
       "      <td>0.796905</td>\n",
       "      <td>0.785021</td>\n",
       "      <td>0.876740</td>\n",
       "      <td>0.855870</td>\n",
       "      <td>0.912412</td>\n",
       "      <td>0.844073</td>\n",
       "      <td>0.882655</td>\n",
       "      <td>0.762963</td>\n",
       "      <td>0.854097</td>\n",
       "      <td>0.854807</td>\n",
       "      <td>0.819760</td>\n",
       "      <td>0.758145</td>\n",
       "      <td>0.607861</td>\n",
       "      <td>0.744290</td>\n",
       "      <td>0.246569</td>\n",
       "    </tr>\n",
       "    <tr>\n",
       "      <th>8</th>\n",
       "      <td>0.842711</td>\n",
       "      <td>0.796053</td>\n",
       "      <td>1.000000</td>\n",
       "      <td>0.733700</td>\n",
       "      <td>0.726021</td>\n",
       "      <td>0.814004</td>\n",
       "      <td>0.807301</td>\n",
       "      <td>0.851835</td>\n",
       "      <td>0.794795</td>\n",
       "      <td>0.805881</td>\n",
       "      <td>0.708693</td>\n",
       "      <td>0.794113</td>\n",
       "      <td>0.792117</td>\n",
       "      <td>0.747658</td>\n",
       "      <td>0.688748</td>\n",
       "      <td>0.554536</td>\n",
       "      <td>0.663746</td>\n",
       "      <td>0.252691</td>\n",
       "    </tr>\n",
       "    <tr>\n",
       "      <th>9</th>\n",
       "      <td>0.831616</td>\n",
       "      <td>0.796905</td>\n",
       "      <td>0.733700</td>\n",
       "      <td>1.000000</td>\n",
       "      <td>0.702131</td>\n",
       "      <td>0.802303</td>\n",
       "      <td>0.769369</td>\n",
       "      <td>0.841935</td>\n",
       "      <td>0.772860</td>\n",
       "      <td>0.803589</td>\n",
       "      <td>0.701096</td>\n",
       "      <td>0.766051</td>\n",
       "      <td>0.780616</td>\n",
       "      <td>0.756939</td>\n",
       "      <td>0.677141</td>\n",
       "      <td>0.574581</td>\n",
       "      <td>0.671955</td>\n",
       "      <td>0.227953</td>\n",
       "    </tr>\n",
       "    <tr>\n",
       "      <th>10</th>\n",
       "      <td>0.815782</td>\n",
       "      <td>0.785021</td>\n",
       "      <td>0.726021</td>\n",
       "      <td>0.702131</td>\n",
       "      <td>1.000000</td>\n",
       "      <td>0.776027</td>\n",
       "      <td>0.781883</td>\n",
       "      <td>0.823511</td>\n",
       "      <td>0.795150</td>\n",
       "      <td>0.806937</td>\n",
       "      <td>0.693454</td>\n",
       "      <td>0.800170</td>\n",
       "      <td>0.778346</td>\n",
       "      <td>0.706857</td>\n",
       "      <td>0.659586</td>\n",
       "      <td>0.600584</td>\n",
       "      <td>0.649462</td>\n",
       "      <td>0.220179</td>\n",
       "    </tr>\n",
       "    <tr>\n",
       "      <th>11</th>\n",
       "      <td>0.909810</td>\n",
       "      <td>0.876740</td>\n",
       "      <td>0.814004</td>\n",
       "      <td>0.802303</td>\n",
       "      <td>0.776027</td>\n",
       "      <td>1.000000</td>\n",
       "      <td>0.859256</td>\n",
       "      <td>0.924281</td>\n",
       "      <td>0.849060</td>\n",
       "      <td>0.887437</td>\n",
       "      <td>0.781392</td>\n",
       "      <td>0.846495</td>\n",
       "      <td>0.859154</td>\n",
       "      <td>0.811642</td>\n",
       "      <td>0.754197</td>\n",
       "      <td>0.619605</td>\n",
       "      <td>0.722991</td>\n",
       "      <td>0.280765</td>\n",
       "    </tr>\n",
       "    <tr>\n",
       "      <th>12</th>\n",
       "      <td>0.875686</td>\n",
       "      <td>0.855870</td>\n",
       "      <td>0.807301</td>\n",
       "      <td>0.769369</td>\n",
       "      <td>0.781883</td>\n",
       "      <td>0.859256</td>\n",
       "      <td>1.000000</td>\n",
       "      <td>0.903224</td>\n",
       "      <td>0.823153</td>\n",
       "      <td>0.836510</td>\n",
       "      <td>0.699576</td>\n",
       "      <td>0.827566</td>\n",
       "      <td>0.808920</td>\n",
       "      <td>0.772892</td>\n",
       "      <td>0.728562</td>\n",
       "      <td>0.660454</td>\n",
       "      <td>0.711090</td>\n",
       "      <td>0.329940</td>\n",
       "    </tr>\n",
       "    <tr>\n",
       "      <th>13</th>\n",
       "      <td>0.944172</td>\n",
       "      <td>0.912412</td>\n",
       "      <td>0.851835</td>\n",
       "      <td>0.841935</td>\n",
       "      <td>0.823511</td>\n",
       "      <td>0.924281</td>\n",
       "      <td>0.903224</td>\n",
       "      <td>1.000000</td>\n",
       "      <td>0.878608</td>\n",
       "      <td>0.910999</td>\n",
       "      <td>0.790159</td>\n",
       "      <td>0.886337</td>\n",
       "      <td>0.880151</td>\n",
       "      <td>0.835168</td>\n",
       "      <td>0.772555</td>\n",
       "      <td>0.665737</td>\n",
       "      <td>0.745235</td>\n",
       "      <td>0.313927</td>\n",
       "    </tr>\n",
       "    <tr>\n",
       "      <th>14</th>\n",
       "      <td>0.881808</td>\n",
       "      <td>0.844073</td>\n",
       "      <td>0.794795</td>\n",
       "      <td>0.772860</td>\n",
       "      <td>0.795150</td>\n",
       "      <td>0.849060</td>\n",
       "      <td>0.823153</td>\n",
       "      <td>0.878608</td>\n",
       "      <td>1.000000</td>\n",
       "      <td>0.843747</td>\n",
       "      <td>0.717686</td>\n",
       "      <td>0.823277</td>\n",
       "      <td>0.818269</td>\n",
       "      <td>0.765111</td>\n",
       "      <td>0.721986</td>\n",
       "      <td>0.577799</td>\n",
       "      <td>0.689502</td>\n",
       "      <td>0.255981</td>\n",
       "    </tr>\n",
       "    <tr>\n",
       "      <th>15</th>\n",
       "      <td>0.899475</td>\n",
       "      <td>0.882655</td>\n",
       "      <td>0.805881</td>\n",
       "      <td>0.803589</td>\n",
       "      <td>0.806937</td>\n",
       "      <td>0.887437</td>\n",
       "      <td>0.836510</td>\n",
       "      <td>0.910999</td>\n",
       "      <td>0.843747</td>\n",
       "      <td>1.000000</td>\n",
       "      <td>0.745962</td>\n",
       "      <td>0.850715</td>\n",
       "      <td>0.849385</td>\n",
       "      <td>0.794700</td>\n",
       "      <td>0.742297</td>\n",
       "      <td>0.624240</td>\n",
       "      <td>0.723287</td>\n",
       "      <td>0.254062</td>\n",
       "    </tr>\n",
       "    <tr>\n",
       "      <th>16</th>\n",
       "      <td>0.795131</td>\n",
       "      <td>0.762963</td>\n",
       "      <td>0.708693</td>\n",
       "      <td>0.701096</td>\n",
       "      <td>0.693454</td>\n",
       "      <td>0.781392</td>\n",
       "      <td>0.699576</td>\n",
       "      <td>0.790159</td>\n",
       "      <td>0.717686</td>\n",
       "      <td>0.745962</td>\n",
       "      <td>1.000000</td>\n",
       "      <td>0.740422</td>\n",
       "      <td>0.753234</td>\n",
       "      <td>0.712398</td>\n",
       "      <td>0.628508</td>\n",
       "      <td>0.506521</td>\n",
       "      <td>0.630954</td>\n",
       "      <td>0.190593</td>\n",
       "    </tr>\n",
       "    <tr>\n",
       "      <th>17</th>\n",
       "      <td>0.881218</td>\n",
       "      <td>0.854097</td>\n",
       "      <td>0.794113</td>\n",
       "      <td>0.766051</td>\n",
       "      <td>0.800170</td>\n",
       "      <td>0.846495</td>\n",
       "      <td>0.827566</td>\n",
       "      <td>0.886337</td>\n",
       "      <td>0.823277</td>\n",
       "      <td>0.850715</td>\n",
       "      <td>0.740422</td>\n",
       "      <td>1.000000</td>\n",
       "      <td>0.797778</td>\n",
       "      <td>0.731791</td>\n",
       "      <td>0.678710</td>\n",
       "      <td>0.569739</td>\n",
       "      <td>0.686697</td>\n",
       "      <td>0.258378</td>\n",
       "    </tr>\n",
       "    <tr>\n",
       "      <th>18</th>\n",
       "      <td>0.868443</td>\n",
       "      <td>0.854807</td>\n",
       "      <td>0.792117</td>\n",
       "      <td>0.780616</td>\n",
       "      <td>0.778346</td>\n",
       "      <td>0.859154</td>\n",
       "      <td>0.808920</td>\n",
       "      <td>0.880151</td>\n",
       "      <td>0.818269</td>\n",
       "      <td>0.849385</td>\n",
       "      <td>0.753234</td>\n",
       "      <td>0.797778</td>\n",
       "      <td>1.000000</td>\n",
       "      <td>0.756108</td>\n",
       "      <td>0.694442</td>\n",
       "      <td>0.608124</td>\n",
       "      <td>0.698802</td>\n",
       "      <td>0.184025</td>\n",
       "    </tr>\n",
       "    <tr>\n",
       "      <th>19</th>\n",
       "      <td>0.819187</td>\n",
       "      <td>0.819760</td>\n",
       "      <td>0.747658</td>\n",
       "      <td>0.756939</td>\n",
       "      <td>0.706857</td>\n",
       "      <td>0.811642</td>\n",
       "      <td>0.772892</td>\n",
       "      <td>0.835168</td>\n",
       "      <td>0.765111</td>\n",
       "      <td>0.794700</td>\n",
       "      <td>0.712398</td>\n",
       "      <td>0.731791</td>\n",
       "      <td>0.756108</td>\n",
       "      <td>1.000000</td>\n",
       "      <td>0.667659</td>\n",
       "      <td>0.535287</td>\n",
       "      <td>0.658679</td>\n",
       "      <td>0.232202</td>\n",
       "    </tr>\n",
       "    <tr>\n",
       "      <th>20</th>\n",
       "      <td>0.766946</td>\n",
       "      <td>0.758145</td>\n",
       "      <td>0.688748</td>\n",
       "      <td>0.677141</td>\n",
       "      <td>0.659586</td>\n",
       "      <td>0.754197</td>\n",
       "      <td>0.728562</td>\n",
       "      <td>0.772555</td>\n",
       "      <td>0.721986</td>\n",
       "      <td>0.742297</td>\n",
       "      <td>0.628508</td>\n",
       "      <td>0.678710</td>\n",
       "      <td>0.694442</td>\n",
       "      <td>0.667659</td>\n",
       "      <td>1.000000</td>\n",
       "      <td>0.444055</td>\n",
       "      <td>0.543079</td>\n",
       "      <td>0.340844</td>\n",
       "    </tr>\n",
       "    <tr>\n",
       "      <th>21</th>\n",
       "      <td>0.631858</td>\n",
       "      <td>0.607861</td>\n",
       "      <td>0.554536</td>\n",
       "      <td>0.574581</td>\n",
       "      <td>0.600584</td>\n",
       "      <td>0.619605</td>\n",
       "      <td>0.660454</td>\n",
       "      <td>0.665737</td>\n",
       "      <td>0.577799</td>\n",
       "      <td>0.624240</td>\n",
       "      <td>0.506521</td>\n",
       "      <td>0.569739</td>\n",
       "      <td>0.608124</td>\n",
       "      <td>0.535287</td>\n",
       "      <td>0.444055</td>\n",
       "      <td>1.000000</td>\n",
       "      <td>0.445103</td>\n",
       "      <td>0.055143</td>\n",
       "    </tr>\n",
       "    <tr>\n",
       "      <th>22</th>\n",
       "      <td>0.746442</td>\n",
       "      <td>0.744290</td>\n",
       "      <td>0.663746</td>\n",
       "      <td>0.671955</td>\n",
       "      <td>0.649462</td>\n",
       "      <td>0.722991</td>\n",
       "      <td>0.711090</td>\n",
       "      <td>0.745235</td>\n",
       "      <td>0.689502</td>\n",
       "      <td>0.723287</td>\n",
       "      <td>0.630954</td>\n",
       "      <td>0.686697</td>\n",
       "      <td>0.698802</td>\n",
       "      <td>0.658679</td>\n",
       "      <td>0.543079</td>\n",
       "      <td>0.445103</td>\n",
       "      <td>1.000000</td>\n",
       "      <td>0.204680</td>\n",
       "    </tr>\n",
       "    <tr>\n",
       "      <th>23</th>\n",
       "      <td>0.305006</td>\n",
       "      <td>0.246569</td>\n",
       "      <td>0.252691</td>\n",
       "      <td>0.227953</td>\n",
       "      <td>0.220179</td>\n",
       "      <td>0.280765</td>\n",
       "      <td>0.329940</td>\n",
       "      <td>0.313927</td>\n",
       "      <td>0.255981</td>\n",
       "      <td>0.254062</td>\n",
       "      <td>0.190593</td>\n",
       "      <td>0.258378</td>\n",
       "      <td>0.184025</td>\n",
       "      <td>0.232202</td>\n",
       "      <td>0.340844</td>\n",
       "      <td>0.055143</td>\n",
       "      <td>0.204680</td>\n",
       "      <td>1.000000</td>\n",
       "    </tr>\n",
       "  </tbody>\n",
       "</table>\n",
       "</div>"
      ],
      "text/plain": [
       "          6         7         8         9         10        11        12  \\\n",
       "6   1.000000  0.877373  0.842711  0.831616  0.815782  0.909810  0.875686   \n",
       "7   0.877373  1.000000  0.796053  0.796905  0.785021  0.876740  0.855870   \n",
       "8   0.842711  0.796053  1.000000  0.733700  0.726021  0.814004  0.807301   \n",
       "9   0.831616  0.796905  0.733700  1.000000  0.702131  0.802303  0.769369   \n",
       "10  0.815782  0.785021  0.726021  0.702131  1.000000  0.776027  0.781883   \n",
       "11  0.909810  0.876740  0.814004  0.802303  0.776027  1.000000  0.859256   \n",
       "12  0.875686  0.855870  0.807301  0.769369  0.781883  0.859256  1.000000   \n",
       "13  0.944172  0.912412  0.851835  0.841935  0.823511  0.924281  0.903224   \n",
       "14  0.881808  0.844073  0.794795  0.772860  0.795150  0.849060  0.823153   \n",
       "15  0.899475  0.882655  0.805881  0.803589  0.806937  0.887437  0.836510   \n",
       "16  0.795131  0.762963  0.708693  0.701096  0.693454  0.781392  0.699576   \n",
       "17  0.881218  0.854097  0.794113  0.766051  0.800170  0.846495  0.827566   \n",
       "18  0.868443  0.854807  0.792117  0.780616  0.778346  0.859154  0.808920   \n",
       "19  0.819187  0.819760  0.747658  0.756939  0.706857  0.811642  0.772892   \n",
       "20  0.766946  0.758145  0.688748  0.677141  0.659586  0.754197  0.728562   \n",
       "21  0.631858  0.607861  0.554536  0.574581  0.600584  0.619605  0.660454   \n",
       "22  0.746442  0.744290  0.663746  0.671955  0.649462  0.722991  0.711090   \n",
       "23  0.305006  0.246569  0.252691  0.227953  0.220179  0.280765  0.329940   \n",
       "\n",
       "          13        14        15        16        17        18        19  \\\n",
       "6   0.944172  0.881808  0.899475  0.795131  0.881218  0.868443  0.819187   \n",
       "7   0.912412  0.844073  0.882655  0.762963  0.854097  0.854807  0.819760   \n",
       "8   0.851835  0.794795  0.805881  0.708693  0.794113  0.792117  0.747658   \n",
       "9   0.841935  0.772860  0.803589  0.701096  0.766051  0.780616  0.756939   \n",
       "10  0.823511  0.795150  0.806937  0.693454  0.800170  0.778346  0.706857   \n",
       "11  0.924281  0.849060  0.887437  0.781392  0.846495  0.859154  0.811642   \n",
       "12  0.903224  0.823153  0.836510  0.699576  0.827566  0.808920  0.772892   \n",
       "13  1.000000  0.878608  0.910999  0.790159  0.886337  0.880151  0.835168   \n",
       "14  0.878608  1.000000  0.843747  0.717686  0.823277  0.818269  0.765111   \n",
       "15  0.910999  0.843747  1.000000  0.745962  0.850715  0.849385  0.794700   \n",
       "16  0.790159  0.717686  0.745962  1.000000  0.740422  0.753234  0.712398   \n",
       "17  0.886337  0.823277  0.850715  0.740422  1.000000  0.797778  0.731791   \n",
       "18  0.880151  0.818269  0.849385  0.753234  0.797778  1.000000  0.756108   \n",
       "19  0.835168  0.765111  0.794700  0.712398  0.731791  0.756108  1.000000   \n",
       "20  0.772555  0.721986  0.742297  0.628508  0.678710  0.694442  0.667659   \n",
       "21  0.665737  0.577799  0.624240  0.506521  0.569739  0.608124  0.535287   \n",
       "22  0.745235  0.689502  0.723287  0.630954  0.686697  0.698802  0.658679   \n",
       "23  0.313927  0.255981  0.254062  0.190593  0.258378  0.184025  0.232202   \n",
       "\n",
       "          20        21        22        23  \n",
       "6   0.766946  0.631858  0.746442  0.305006  \n",
       "7   0.758145  0.607861  0.744290  0.246569  \n",
       "8   0.688748  0.554536  0.663746  0.252691  \n",
       "9   0.677141  0.574581  0.671955  0.227953  \n",
       "10  0.659586  0.600584  0.649462  0.220179  \n",
       "11  0.754197  0.619605  0.722991  0.280765  \n",
       "12  0.728562  0.660454  0.711090  0.329940  \n",
       "13  0.772555  0.665737  0.745235  0.313927  \n",
       "14  0.721986  0.577799  0.689502  0.255981  \n",
       "15  0.742297  0.624240  0.723287  0.254062  \n",
       "16  0.628508  0.506521  0.630954  0.190593  \n",
       "17  0.678710  0.569739  0.686697  0.258378  \n",
       "18  0.694442  0.608124  0.698802  0.184025  \n",
       "19  0.667659  0.535287  0.658679  0.232202  \n",
       "20  1.000000  0.444055  0.543079  0.340844  \n",
       "21  0.444055  1.000000  0.445103  0.055143  \n",
       "22  0.543079  0.445103  1.000000  0.204680  \n",
       "23  0.340844  0.055143  0.204680  1.000000  "
      ]
     },
     "execution_count": 8,
     "metadata": {},
     "output_type": "execute_result"
    }
   ],
   "source": [
    "# Drop non-numeric columns (Name and Group) and transpose the DataFrame\n",
    "numeric_df = df.drop(['Name', 'Group'], axis=1)\n",
    "correlation_matrix = numeric_df.T.corr()\n",
    "\n",
    "# Optionally, display the correlation matrix\n",
    "print(\"Correlation matrix shape:\", correlation_matrix.shape)\n",
    "correlation_matrix"
   ]
  },
  {
   "cell_type": "code",
   "execution_count": 9,
   "metadata": {},
   "outputs": [
    {
     "data": {
      "text/html": [
       "<div>\n",
       "<style scoped>\n",
       "    .dataframe tbody tr th:only-of-type {\n",
       "        vertical-align: middle;\n",
       "    }\n",
       "\n",
       "    .dataframe tbody tr th {\n",
       "        vertical-align: top;\n",
       "    }\n",
       "\n",
       "    .dataframe thead th {\n",
       "        text-align: right;\n",
       "    }\n",
       "</style>\n",
       "<table border=\"1\" class=\"dataframe\">\n",
       "  <thead>\n",
       "    <tr style=\"text-align: right;\">\n",
       "      <th></th>\n",
       "      <th>6</th>\n",
       "      <th>7</th>\n",
       "      <th>8</th>\n",
       "      <th>9</th>\n",
       "      <th>10</th>\n",
       "      <th>11</th>\n",
       "      <th>12</th>\n",
       "      <th>13</th>\n",
       "      <th>14</th>\n",
       "      <th>15</th>\n",
       "      <th>16</th>\n",
       "      <th>17</th>\n",
       "      <th>18</th>\n",
       "      <th>19</th>\n",
       "      <th>20</th>\n",
       "      <th>21</th>\n",
       "      <th>22</th>\n",
       "      <th>23</th>\n",
       "    </tr>\n",
       "  </thead>\n",
       "  <tbody>\n",
       "    <tr>\n",
       "      <th>count</th>\n",
       "      <td>18.000000</td>\n",
       "      <td>18.000000</td>\n",
       "      <td>18.000000</td>\n",
       "      <td>18.000000</td>\n",
       "      <td>18.000000</td>\n",
       "      <td>18.000000</td>\n",
       "      <td>18.000000</td>\n",
       "      <td>18.000000</td>\n",
       "      <td>18.000000</td>\n",
       "      <td>18.000000</td>\n",
       "      <td>18.000000</td>\n",
       "      <td>18.000000</td>\n",
       "      <td>18.000000</td>\n",
       "      <td>18.000000</td>\n",
       "      <td>18.000000</td>\n",
       "      <td>18.000000</td>\n",
       "      <td>18.000000</td>\n",
       "      <td>18.000000</td>\n",
       "    </tr>\n",
       "    <tr>\n",
       "      <th>mean</th>\n",
       "      <td>0.816259</td>\n",
       "      <td>0.793088</td>\n",
       "      <td>0.743034</td>\n",
       "      <td>0.733930</td>\n",
       "      <td>0.728950</td>\n",
       "      <td>0.798620</td>\n",
       "      <td>0.780625</td>\n",
       "      <td>0.826680</td>\n",
       "      <td>0.769603</td>\n",
       "      <td>0.792327</td>\n",
       "      <td>0.697708</td>\n",
       "      <td>0.766308</td>\n",
       "      <td>0.765707</td>\n",
       "      <td>0.729113</td>\n",
       "      <td>0.681525</td>\n",
       "      <td>0.571179</td>\n",
       "      <td>0.663111</td>\n",
       "      <td>0.286274</td>\n",
       "    </tr>\n",
       "    <tr>\n",
       "      <th>std</th>\n",
       "      <td>0.151150</td>\n",
       "      <td>0.159327</td>\n",
       "      <td>0.153049</td>\n",
